Date;P;T;IRA;IRI;Qobs;FlowObs
2011-01-01;0.0;24.94;0.0;0.0;0.251;2.483
2011-01-02;15.7;23.44;0.0;0.0;0.238;2.361
2011-01-03;8.15;24.04;0.0;0.0;0.204;2.018
2011-01-04;0.0;25.64;2.0;0.0;0.154;1.522
2011-01-05;0.0;26.8;0.0;0.0;0.128;1.268
2011-01-06;27.95;27.12;0.0;3.0;1.043;10.322
2011-01-07;8.95;27.64;0.0;0.0;0.873;8.64
2011-01-08;0.0;26.76;0.0;0.0;0.792;7.838
2011-01-09;4.9;27.28;0.0;0.0;0.714;7.062
2011-01-10;3.3;25.84;0.0;0.0;0.675;6.685
2011-01-11;1.25;25.2;0.0;0.0;0.638;6.314
2011-01-12;3.5;23.88;0.0;0.0;0.565;5.596
2011-01-13;13.9;24.2;0.0;0.0;0.496;4.907
2011-01-14;1.05;25.84;0.0;0.0;0.429;4.249
2011-01-15;9.4;26.28;0.0;0.0;0.366;3.624
2011-01-16;0.0;28.96;0.0;0.0;0.306;3.034
2011-01-17;2.5;25.36;0.0;0.0;0.251;2.483
2011-01-18;26.35;24.6;0.0;0.0;1.412;13.975
2011-01-19;0.0;26.08;0.0;0.0;0.914;9.051
2011-01-20;2.6;24.64;0.0;0.0;0.513;5.076
2011-01-21;0.0;25.64;0.0;0.0;0.336;3.324
2011-01-22;2.9;25.84;0.0;0.0;0.251;2.483
2011-01-23;0.0;26.04;0.0;0.0;0.238;2.361
2011-01-24;0.0;26.76;0.0;0.0;0.215;2.128
2011-01-25;6.5;28.2;0.0;0.0;0.215;2.128
2011-01-26;4.4;26.24;0.0;0.0;0.583;5.772
2011-01-27;4.85;26.48;0.0;0.0;0.565;5.596
2011-01-28;2.4000000000000004;27.24;0.0;0.0;0.513;5.076
2011-01-29;7.7;27.28;0.0;0.0;0.462;4.574
2011-01-30;9.25;26.24;0.0;0.0;0.397;3.932
2011-01-31;0.0;27.28;0.0;0.0;0.397;3.932
2011-02-01;28.9;24.96;0.0;0.0;1.87;18.509
2011-02-02;0.0;23.18;0.0;0.0;1.154;11.423
2011-02-03;0.0;25.46;0.0;0.0;0.675;6.685
2011-02-04;0.25;27.28;0.0;0.0;0.53;5.247
2011-02-05;4.85;26.48;0.0;0.0;0.462;4.574
2011-02-06;0.0499999999999998;26.0;0.0;0.0;0.397;3.932
2011-02-07;1.6;25.36;0.0;0.0;0.397;3.932
2011-02-08;17.05;26.6;0.0;0.0;0.366;3.624
2011-02-09;4.45;26.0;0.0;0.0;0.336;3.324
2011-02-10;1.95;23.84;0.0;0.0;1.56;15.438
2011-02-11;4.55;24.0;0.0;0.0;1.978;19.574
2011-02-12;17.85;22.12;0.0;0.0;3.266;32.326
2011-02-13;47.45;23.72;0.0;0.0;5.033;49.815
2011-02-14;0.0;23.56;0.0;0.0;3.175;31.429
2011-02-15;0.0;21.62;0.0;0.0;1.978;19.574
2011-02-16;0.0;24.1;0.0;0.0;1.87;18.509
2011-02-17;0.0;25.8;0.0;0.0;1.713;16.95
2011-02-18;0.0;25.96;0.0;0.0;1.51;14.945
2011-02-19;0.0;26.36;0.0;0.0;1.34;13.262
2011-02-20;21.05;26.12;0.0;0.0;1.087;10.758
2011-02-21;0.0;24.48;0.0;0.0;0.914;9.051
2011-02-22;6.25;23.88;0.0;0.0;0.752;7.446
2011-02-23;10.8;22.6;0.0;0.0;0.638;6.314
2011-02-24;16.200000000000006;26.28;0.0;0.0;0.601;5.951
2011-02-25;1.75;25.32;0.0;0.0;0.496;4.907
2011-02-26;8.299999999999999;23.4;0.0;0.0;0.429;4.249
2011-02-27;7.55;22.96;0.0;0.0;0.336;3.324
2011-02-28;0.0;21.66;0.0;0.0;0.238;2.361
2011-03-01;0.0;21.78;0.0;0.0;0.163;1.614
2011-03-02;0.0;21.82;0.0;0.0;0.128;1.268
2011-03-03;0.0;22.54;0.0;0.0;0.098;0.974
2011-03-04;0.0;22.74;0.0;0.0;0.063;0.623
2011-03-05;0.0;23.04;0.0;0.0;0.045;0.442
2011-03-06;0.0;22.96;0.0;0.0;0.027;0.27
2011-03-07;0.0;23.2;0.0;0.0;0.022;0.216
2011-03-08;0.0;24.12;0.0;0.0;0.019;0.192
2011-03-09;0.0;24.36;0.0;0.0;0.015;0.149
2011-03-10;13.05;24.08;0.0;0.0;0.145;1.434
2011-03-11;25.2;23.56;0.0;0.0;1.661;16.441
2011-03-12;0.4500000000000002;25.44;0.0;0.0;1.109;10.978
2011-03-13;0.0;23.52;0.0;0.0;0.852;8.437
2011-03-14;0.0;18.06;0.0;0.0;0.714;7.062
2011-03-15;0.0;18.74;0.0;0.0;0.638;6.314
2011-03-16;0.0;22.42;0.0;0.0;0.462;4.574
2011-03-17;1.5;23.88;0.0;0.0;0.306;3.034
2011-03-18;5.55;21.36;0.0;0.0;0.204;2.018
2011-03-19;0.0;19.56;0.0;0.0;0.183;1.809
2011-03-20;0.0;20.12;0.0;0.0;0.163;1.614
2011-03-21;0.0;22.54;0.0;0.0;0.136;1.349
2011-03-22;0.0;26.08;0.0;0.0;0.098;0.974
2011-03-23;0.0;26.96;0.0;0.0;0.068;0.674
2011-03-24;4.5;23.72;0.0;0.0;0.053;0.528
2011-03-25;9.55;22.12;0.0;0.0;0.041;0.404
2011-03-26;25.65;22.04;0.0;0.0;3.339;33.05
2011-03-27;18.35;20.08;0.0;0.0;3.638;36.007
2011-03-28;63.4;19.32;0.0;0.0;10.129;100.259
2011-03-29;14.95;19.98;0.0;0.0;9.582;94.839
2011-03-30;0.0;22.28;0.0;0.0;4.591;45.436
2011-03-31;0.0;22.52;0.0;0.0;2.927;28.969
2011-04-01;0.0;22.12;0.0;0.0;1.978;19.574
2011-04-02;0.0;21.54;0.0;0.0;1.461;14.457
2011-04-03;0.0;20.94;0.0;0.0;0.935;9.258
2011-04-04;0.0;20.78;0.0;0.0;0.792;7.838
2011-04-05;1.4;18.46;0.0;0.0;0.638;6.314
2011-04-06;0.0;18.16;0.0;0.0;3.581;35.446
2011-04-07;0.0;18.58;0.0;0.0;1.065;10.539
2011-04-08;0.0;21.44;0.0;0.0;0.792;7.838
2011-04-09;13.15;19.3;0.0;0.0;0.638;6.314
2011-04-10;0.0;20.5;0.0;0.0;0.446;4.41
2011-04-11;0.0;20.34;0.0;0.0;0.321;3.178
2011-04-12;0.0;20.98;0.0;0.0;0.193;1.912
2011-04-13;4.9;23.54;0.0;0.0;0.12;1.189
2011-04-14;62.25;20.4;0.0;0.0;7.243;71.691
2011-04-15;75.44999999999997;20.8;0.0;0.0;18.711;185.201
2011-04-16;1.300000000000003;18.04;0.0;0.0;6.951;68.795
2011-04-17;7.25;21.4;0.0;0.0;3.714;36.762
2011-04-18;2.75;18.36;0.0;0.0;3.358;33.232
2011-04-19;0.0;17.08;0.0;0.0;3.015;29.839
2011-04-20;0.0;20.78;0.0;0.0;2.535;25.092
2011-04-21;3.4;20.26;0.0;0.0;1.817;17.984
2011-04-22;0.0;21.38;0.0;0.0;1.293;12.793
2011-04-23;15.95;18.04;0.0;0.0;15.503;153.443
2011-04-24;0.0;13.38;0.0;0.0;7.892;78.117
2011-04-25;0.0;14.08;0.0;0.0;4.184;41.408
2011-04-26;0.0;15.38;0.0;0.0;3.339;33.05
2011-04-27;0.0;18.18;0.0;0.0;2.771;27.427
2011-04-28;0.0;20.1;0.0;0.0;2.944;29.142
2011-04-29;0.0;19.6;0.0;0.0;2.927;28.969
2011-04-30;0.0;18.56;0.0;0.0;2.585;25.586
2011-05-01;1.3;16.24;0.0;0.0;2.339;23.154
2011-05-02;0.55;13.46;0.0;0.0;1.713;16.95
2011-05-03;2.4;12.34;0.0;0.0;1.246;12.33
2011-05-04;0.0;13.84;0.0;0.0;0.935;9.258
2011-05-05;0.0;15.78;0.0;0.0;0.772;7.641
2011-05-06;0.0;16.48;0.0;0.0;0.638;6.314
2011-05-07;0.0;15.34;0.0;0.0;0.462;4.574
2011-05-08;0.0;16.82;0.0;0.0;0.366;3.624
2011-05-09;0.25;15.62;0.0;0.0;0.321;3.178
2011-05-10;0.0;16.3;0.0;0.0;0.278;2.752
2011-05-11;7.15;18.78;0.0;0.0;0.251;2.483
2011-05-12;1.2500000000000004;17.88;0.0;0.0;0.227;2.242
2011-05-13;0.0;16.42;0.0;0.0;0.204;2.018
2011-05-14;0.0;15.02;0.0;0.0;0.183;1.809
2011-05-15;1.75;15.54;0.0;0.0;0.163;1.614
2011-05-16;2.35;13.66;0.0;0.0;0.145;1.434
2011-05-17;0.0;13.2;0.0;0.0;0.251;2.483
2011-05-18;0.0;14.9;0.0;0.0;0.227;2.242
2011-05-19;0.0;14.7;0.0;0.0;0.204;2.018
2011-05-20;0.0;16.98;0.0;0.0;0.204;2.018
2011-05-21;0.0;17.18;0.0;0.0;0.193;1.912
2011-05-22;0.0;21.86;0.0;0.0;0.163;1.614
2011-05-23;19.85;19.12;0.0;0.0;0.62;6.132
2011-05-24;1.0;17.34;0.0;0.0;0.496;4.907
2011-05-25;0.0;20.2;0.0;0.0;0.413;4.09
2011-05-26;0.0;14.72;0.0;0.0;0.366;3.624
2011-05-27;0.0;13.44;0.0;0.0;0.336;3.324
2011-05-28;0.0;11.36;0.0;0.0;0.306;3.034
2011-05-29;0.0;10.62;0.0;0.0;0.278;2.752
2011-05-30;0.0;11.18;0.0;0.0;0.251;2.483
2011-05-31;0.2;13.94;0.0;0.0;0.227;2.242
2011-06-01;0.0;11.56;0.0;0.0;0.215;2.128
2011-06-02;0.0;11.7;0.0;0.0;0.193;1.912
2011-06-03;0.0;15.02;0.0;0.0;0.163;1.614
2011-06-04;0.0;6.46;0.0;0.0;0.128;1.268
2011-06-05;0.0;6.36;0.0;0.0;0.113;1.114
2011-06-06;0.0;14.26;0.0;0.0;0.085;0.845
2011-06-07;7.75;12.92;0.0;0.0;1.897;18.773
2011-06-08;37.35;11.7;0.0;0.0;2.737;27.089
2011-06-09;0.0;10.1;0.0;0.0;1.293;12.793
2011-06-10;0.0;11.42;0.0;0.0;0.772;7.641
2011-06-11;0.0;11.66;0.0;0.0;0.657;6.499
2011-06-12;0.0;15.3;0.0;0.0;0.548;5.42
2011-06-13;0.0;13.12;0.0;0.0;0.462;4.574
2011-06-14;0.0;11.64;0.0;0.0;0.382;3.777
2011-06-15;0.0;16.94;0.0;0.0;0.336;3.324
2011-06-16;0.0;21.1;0.0;0.0;0.306;3.034
2011-06-17;0.0;16.96;0.0;0.0;0.446;4.41
2011-06-18;29.6;17.56;0.0;0.0;1.043;10.322
2011-06-19;0.0;21.62;0.0;0.0;0.978;9.679
2011-06-20;0.0;20.12;0.0;0.0;0.894;8.844
2011-06-21;23.35;16.52;0.0;0.0;5.097;50.453
2011-06-22;10.3;16.42;0.0;0.0;4.204;41.606
2011-06-23;16.95;16.88;0.0;0.0;3.791;37.521
2011-06-24;5.15;11.04;0.0;0.0;5.513;54.563
2011-06-25;7.15;11.74;0.0;0.0;4.926;48.759
2011-06-26;0.1500000000000003;8.6;0.0;0.0;4.224;41.804
2011-06-27;0.85;6.78;0.0;0.0;3.121;30.896
2011-06-28;0.0;7.54;0.0;0.0;2.42;23.954
2011-06-29;0.0;10.32;0.0;0.0;1.61;15.937
2011-06-30;0.0;11.4;0.0;0.0;1.316;13.027
2011-07-01;5.6;9.56;0.0;0.0;1.223;12.101
2011-07-02;7.85;6.8;0.0;0.0;1.412;13.975
2011-07-03;0.6000000000000001;5.6;0.0;0.0;1.364;13.498
2011-07-04;0.0;3.48;0.0;0.0;1.021;10.106
2011-07-05;0.0;4.16;0.0;0.0;0.873;8.64
2011-07-06;0.0;5.32;0.0;0.0;0.772;7.641
2011-07-07;0.0;5.36;0.0;0.0;0.694;6.872
2011-07-08;0.0;7.4;0.0;0.0;0.53;5.247
2011-07-09;0.0;10.88;0.0;0.0;0.496;4.907
2011-07-10;0.0;11.48;0.0;0.0;0.479;4.739
2011-07-11;0.5;13.08;0.0;0.0;0.413;4.09
2011-07-12;0.0;16.48;0.0;0.0;0.397;3.932
2011-07-13;12.3;17.24;0.0;0.0;0.446;4.41
2011-07-14;18.450000000000006;14.96;0.0;0.0;2.323;22.995
2011-07-15;25.9;22.84;0.0;0.0;5.227;51.738
2011-07-16;0.0;19.96;0.0;0.0;3.45;34.148
2011-07-17;1.75;14.04;0.0;0.0;2.602;25.751
2011-07-18;2.95;14.16;0.0;0.0;2.404;23.793
2011-07-19;1.2000000000000002;15.72;0.0;0.0;2.339;23.154
2011-07-20;12.15;12.6;0.0;0.0;2.72;26.92
2011-07-21;82.3;10.32;0.0;0.0;20.941;207.266
2011-07-22;0.0;10.8;0.0;0.0;8.932;88.403
2011-07-23;0.15;12.24;0.0;0.0;4.244;42.003
2011-07-24;0.0;14.92;0.0;0.0;3.086;30.542
2011-07-25;0.0;21.56;0.0;0.0;2.519;24.928
2011-07-26;0.0;14.48;0.0;0.0;2.388;23.633
2011-07-27;7.0;13.88;0.0;0.0;2.602;25.751
2011-07-28;42.7;17.04;0.0;0.0;8.746;86.568
2011-07-29;15.15;15.72;0.0;0.0;10.157;100.535
2011-07-30;35.65;12.44;0.0;0.0;19.241;190.446
2011-07-31;7.35;9.32;0.0;0.0;7.665;75.869
2011-08-01;2.5;12.4;0.0;0.0;4.611;45.641
2011-08-02;24.85;8.8;0.0;0.0;6.83;67.602
2011-08-03;8.3;10.76;0.0;0.0;5.963;59.018
2011-08-04;0.7;7.84;0.0;0.0;4.715;46.672
2011-08-05;0.0;9.08;0.0;0.0;3.581;35.446
2011-08-06;0.0;12.76;0.0;0.0;2.703;26.752
2011-08-07;1.8;16.6;0.0;0.0;1.87;18.509
2011-08-08;40.8;19.04;0.0;0.0;8.458;83.715
2011-08-09;94.2;16.76;0.0;0.0;21.019;208.043
2011-08-10;3.5;16.48;0.0;0.0;12.58;124.513
2011-08-11;0.0;19.48;0.0;0.0;5.557;55.002
2011-08-12;0.0;24.92;0.0;0.0;4.969;49.18
2011-08-13;0.0;19.68;0.0;0.0;3.946;39.059
2011-08-14;10.8;13.12;0.0;0.0;2.979;29.49
2011-08-15;7.75;18.72;0.0;0.0;2.771;27.427
2011-08-16;0.0;24.4;0.0;0.0;2.436;24.116
2011-08-17;0.0;16.76;0.0;0.0;1.817;17.984
2011-08-18;0.0;14.64;0.0;0.0;1.412;13.975
2011-08-19;10.55;13.64;0.0;0.0;1.269;12.561
2011-08-20;2.2;7.52;0.0;0.0;1.154;11.423
2011-08-21;0.0;5.68;0.0;0.0;1.109;10.978
2011-08-22;0.0;6.96;0.0;0.0;1.065;10.539
2011-08-23;3.9;10.72;0.0;0.0;1.043;10.322
2011-08-24;0.8500000000000001;15.4;0.0;0.0;1.021;10.106
2011-08-25;4.9;15.32;0.0;0.0;0.978;9.679
2011-08-26;2.15;11.84;0.0;0.0;0.957;9.468
2011-08-27;0.0;16.68;0.0;0.0;0.914;9.051
2011-08-28;13.1;18.2;0.0;0.0;0.873;8.64
2011-08-29;18.85;13.6;0.0;0.0;6.286;62.215
2011-08-30;14.15;13.88;0.0;0.0;7.145;70.721
2011-08-31;0.1500000000000003;10.56;0.0;0.0;4.244;42.003
2011-09-01;0.0;9.44;0.0;0.0;3.104;30.718
2011-09-02;0.0;11.28;0.0;0.0;2.42;23.954
2011-09-03;0.0;16.32;0.0;0.0;1.978;19.574
2011-09-04;0.0;26.64;0.0;0.0;1.764;17.464
2011-09-05;13.35;14.88;0.0;0.0;2.618;25.917
2011-09-06;12.95;10.72;0.0;0.0;2.737;27.089
2011-09-07;0.0;13.92;0.0;0.0;2.372;23.473
2011-09-08;4.0;14.76;0.0;0.0;1.713;16.95
2011-09-09;21.05;14.52;0.0;0.0;2.909;28.796
2011-09-10;0.0999999999999996;16.08;0.0;0.0;3.193;31.608
2011-09-11;0.0;12.6;0.0;0.0;2.652;26.25
2011-09-12;0.0;15.0;0.0;0.0;1.924;19.039
2011-09-13;0.0;15.6;0.0;0.0;1.461;14.457
2011-09-14;0.0;13.68;0.0;0.0;1.132;11.2
2011-09-15;0.0;16.72;0.0;0.0;0.894;8.844
2011-09-16;0.0;20.08;0.0;0.0;0.752;7.446
2011-09-17;0.0;20.56;0.0;0.0;0.694;6.872
2011-09-18;0.15;18.88;0.0;0.0;0.601;5.951
2011-09-19;0.4500000000000001;17.36;0.0;0.0;0.565;5.596
2011-09-20;38.0;15.04;0.0;0.0;1.636;16.188
2011-09-21;0.1500000000000003;14.48;0.0;0.0;1.436;14.215
2011-09-22;0.0;17.72;0.0;0.0;1.043;10.322
2011-09-23;0.2;15.72;0.0;0.0;0.914;9.051
2011-09-24;8.5;16.12;0.0;0.0;0.852;8.437
2011-09-25;0.0;18.08;0.0;0.0;0.772;7.641
2011-09-26;0.0;19.44;0.0;0.0;0.714;7.062
2011-09-27;0.0;18.6;0.0;0.0;0.62;6.132
2011-09-28;0.0;19.28;0.0;0.0;0.565;5.596
2011-09-29;0.0;24.56;0.0;0.0;0.53;5.247
2011-09-30;0.0;19.88;0.0;0.0;0.496;4.907
2011-10-01;47.9;18.32;0.0;0.0;2.72;26.92
2011-10-02;2.45;18.84;0.0;0.0;3.303;32.687
2011-10-03;0.0;14.52;0.0;0.0;2.355;23.313
2011-10-04;0.0;15.12;0.0;0.0;1.535;15.191
2011-10-05;0.0;18.6;0.0;0.0;1.246;12.33
2011-10-06;0.0;20.8;0.0;0.0;0.957;9.468
2011-10-07;0.0;23.0;0.0;0.0;0.752;7.446
2011-10-08;13.35;19.88;0.0;0.0;0.752;7.446
2011-10-09;1.7;22.48;0.0;0.0;0.714;7.062
2011-10-10;1.6;18.64;0.0;0.0;0.694;6.872
2011-10-11;0.0;19.4;0.0;0.0;0.601;5.951
2011-10-12;0.0;18.12;0.0;0.0;0.565;5.596
2011-10-13;17.349999999999998;20.2;0.0;0.0;0.53;5.247
2011-10-14;1.0500000000000007;18.68;0.0;0.0;0.496;4.907
2011-10-15;0.0;18.44;0.0;0.0;0.462;4.574
2011-10-16;0.0;18.76;0.0;0.0;0.429;4.249
2011-10-17;0.0;19.88;0.0;0.0;0.397;3.932
2011-10-18;0.0;18.84;0.0;0.0;0.694;6.872
2011-10-19;0.0;18.76;0.0;0.0;0.601;5.951
2011-10-20;0.0;18.4;0.0;0.0;0.462;4.574
2011-10-21;0.0;22.12;0.0;0.0;0.397;3.932
2011-10-22;0.0;24.84;0.0;0.0;0.321;3.178
2011-10-23;0.0;25.04;0.0;0.0;0.238;2.361
2011-10-24;2.15;19.0;0.0;0.0;0.183;1.809
2011-10-25;56.0;18.32;0.0;0.0;3.032;30.014
2011-10-26;57.7;16.56;0.0;0.0;19.47;192.71
2011-10-27;0.1500000000000003;16.56;0.0;0.0;8.432;83.458
2011-10-28;0.0;18.92;0.0;0.0;4.124;40.816
2011-10-29;0.0;17.6;0.0;0.0;2.737;27.089
2011-10-30;0.6;17.48;0.0;0.0;1.924;19.039
2011-10-31;0.0;16.64;0.0;0.0;1.316;13.027
2011-11-01;0.0;17.44;0.0;0.0;1.065;10.539
2011-11-02;0.0;19.56;0.0;0.0;0.999;9.892
2011-11-03;0.0;20.16;0.0;0.0;0.914;9.051
2011-11-04;0.0;23.2;0.0;0.0;0.772;7.641
2011-11-05;0.0;23.76;0.0;0.0;0.657;6.499
2011-11-06;1.15;25.52;0.0;0.0;0.53;5.247
2011-11-07;0.0;21.16;0.0;0.0;0.462;4.574
2011-11-08;0.0;23.48;0.0;0.0;0.397;3.932
2011-11-09;0.0;26.24;0.0;0.0;0.366;3.624
2011-11-10;2.1;21.88;0.0;0.0;0.336;3.324
2011-11-11;4.7;19.88;0.0;0.0;0.306;3.034
2011-11-12;0.0;19.96;0.0;0.0;0.278;2.752
2011-11-13;0.0;20.2;0.0;0.0;0.264;2.609
2011-11-14;0.0;19.8;0.0;0.0;0.251;2.483
2011-11-15;0.0;19.52;0.0;0.0;0.227;2.242
2011-11-16;7.25;20.48;0.0;0.0;0.215;2.128
2011-11-17;0.0;21.48;0.0;0.0;0.204;2.018
2011-11-18;0.0;22.48;0.0;0.0;0.183;1.809
2011-11-19;0.0;24.08;0.0;0.0;0.154;1.522
2011-11-20;0.0;23.4;0.0;0.0;0.128;1.268
2011-11-21;0.15;20.2;0.0;0.0;0.113;1.114
2011-11-22;18.05;21.76;0.0;0.0;0.183;1.809
2011-11-23;6.1;20.44;0.0;0.0;0.251;2.483
2011-11-24;0.0;21.08;0.0;0.0;0.238;2.361
2011-11-25;0.0;23.0;0.0;0.0;0.183;1.809
2011-11-26;0.0;24.56;0.0;0.0;0.136;1.349
2011-11-27;0.0;26.04;0.0;0.0;0.12;1.189
2011-11-28;0.0;28.08;0.0;0.0;0.113;1.114
2011-11-29;3.25;27.24;0.0;0.0;0.085;0.845
2011-11-30;0.0;24.0;0.0;0.0;0.085;0.845
2011-12-01;1.2;17.16;0.0;0.0;0.074;0.728
2011-12-02;0.0;20.32;0.0;0.0;0.068;0.674
2011-12-03;0.0;21.16;0.0;0.0;0.063;0.623
2011-12-04;0.5;24.6;0.0;0.0;0.063;0.623
2011-12-05;0.0;25.12;0.0;0.0;0.058;0.574
2011-12-06;0.0;24.68;0.0;0.0;0.053;0.528
2011-12-07;5.6;27.12;0.0;0.0;0.053;0.528
2011-12-08;0.0;24.48;0.0;0.0;0.053;0.528
2011-12-09;0.0;22.8;0.0;0.0;0.049;0.484
2011-12-10;0.0;22.52;0.0;0.0;0.045;0.442
2011-12-11;0.0;23.84;0.0;0.0;0.045;0.442
2011-12-12;3.5;26.56;0.0;0.0;0.045;0.442
2011-12-13;1.8;21.96;0.0;0.0;0.037;0.367
2011-12-14;1.15;19.76;0.0;0.0;0.074;0.728
2011-12-15;4.8;19.68;0.0;0.0;0.227;2.242
2011-12-16;3.0;21.92;0.0;0.0;0.183;1.809
2011-12-17;0.8;22.88;0.0;0.0;0.145;1.434
2011-12-18;0.55;23.96;0.0;0.0;0.128;1.268
2011-12-19;0.0;25.48;0.0;0.0;0.12;1.189
2011-12-20;0.0;28.76;0.0;0.0;0.105;1.042
2011-12-21;0.0;28.12;0.0;0.0;0.079;0.785
2011-12-22;0.0;28.44;0.0;0.0;0.045;0.442
2011-12-23;0.0;23.56;0.0;0.0;0.024;0.242
2011-12-24;1.5;18.52;0.0;0.0;0.019;0.192
2011-12-25;0.45;19.56;0.0;0.0;0.017;0.17
2011-12-26;0.0;24.0;0.0;0.0;0.015;0.149
2011-12-27;0.0;24.32;0.0;0.0;0.015;0.149
2011-12-28;0.0;23.8;0.0;0.0;0.013;0.13
2011-12-29;0.0;23.0;0.0;0.0;0.011;0.113
2011-12-30;0.0;23.52;0.0;0.0;0.008;0.083
2011-12-31;7.8;22.84;0.0;0.0;0.013;0.13
2012-01-01;1.7;22.76;0.0;0.0;0.03;0.3
2012-01-02;1.25;23.88;0.0;0.0;0.019;0.192
2012-01-03;0.0;26.12;0.0;0.0;0.019;0.192
2012-01-04;2.85;24.08;0.0;0.0;0.015;0.149
2012-01-05;0.0;23.4;0.0;0.0;0.011;0.113
2012-01-06;0.0;25.8;0.0;0.0;0.011;0.113
2012-01-07;0.0;25.8;0.0;0.0;0.008;0.083
2012-01-08;0.0;27.68;0.0;0.0;0.006;0.059
2012-01-09;12.8;29.6;0.0;0.0;0.004;0.04
2012-01-10;0.0;28.36;0.0;0.0;0.003;0.032
2012-01-11;0.0;27.96;0.0;0.0;1.51;14.945
2012-01-12;14.2;26.08;0.0;0.0;0.513;5.076
2012-01-13;26.65;20.8;0.0;0.0;0.336;3.324
2012-01-14;23.85;21.76;0.0;0.0;0.251;2.483
2012-01-15;8.25;23.04;0.0;0.0;0.183;1.809
2012-01-16;0.0;24.28;0.0;0.0;0.145;1.434
2012-01-17;0.0;24.44;0.0;0.0;0.128;1.268
2012-01-18;0.0;26.24;0.0;0.0;0.098;0.974
2012-01-19;0.0;26.72;0.0;0.0;0.074;0.728
2012-01-20;0.0;27.04;0.0;0.0;0.053;0.528
2012-01-21;35.6;26.08;0.0;0.0;0.565;5.596
2012-01-22;0.5;26.6;0.0;0.0;0.53;5.247
2012-01-23;10.5;28.92;0.0;0.0;0.204;2.018
2012-01-24;6.7;27.0;0.0;0.0;0.154;1.522
2012-01-25;0.15;25.64;0.0;0.0;0.173;1.71
2012-01-26;8.0;22.32;0.0;0.0;0.098;0.974
2012-01-27;0.0;22.2;0.0;0.0;0.074;0.728
2012-01-28;0.0;24.44;0.0;0.0;0.063;0.623
2012-01-29;0.0;25.68;0.0;0.0;0.053;0.528
2012-01-30;0.0;26.96;0.0;0.0;0.037;0.367
2012-01-31;0.0;28.88;0.0;0.0;0.024;0.242
2012-02-01;0.0;28.12;0.0;0.0;0.024;0.242
2012-02-02;0.0;26.8;0.0;0.0;0.019;0.192
2012-02-03;4.0;25.8;0.0;0.0;0.227;2.242
2012-02-04;1.45;26.96;0.0;0.0;0.058;0.574
2012-02-05;0.0;27.6;0.0;0.0;0.034;0.333
2012-02-06;24.7;27.64;0.0;0.0;0.812;8.036
2012-02-07;9.5;25.44;0.0;0.0;0.565;5.596
2012-02-08;25.35;28.8;0.0;0.0;2.355;23.313
2012-02-09;1.0;25.96;0.0;0.0;1.065;10.539
2012-02-10;2.45;23.2;0.0;0.0;0.429;4.249
2012-02-11;0.0;21.36;0.0;0.0;0.227;2.242
2012-02-12;0.0;22.24;0.0;0.0;0.163;1.614
2012-02-13;0.0;25.0;0.0;0.0;0.113;1.114
2012-02-14;0.0;27.9;0.0;0.0;0.085;0.845
2012-02-15;0.0;28.52;0.0;0.0;0.074;0.728
2012-02-16;0.0;29.6;0.0;0.0;0.063;0.623
2012-02-17;0.0;28.32;0.0;0.0;0.053;0.528
2012-02-18;0.0;27.92;0.0;0.0;0.251;2.483
2012-02-19;13.5;30.4;0.0;0.0;0.128;1.268
2012-02-20;6.7;27.52;0.0;0.0;0.079;0.785
2012-02-21;0.0;25.36;0.0;0.0;0.113;1.114
2012-02-22;25.7;24.56;0.0;0.0;0.113;1.114
2012-02-23;0.0;25.08;0.0;0.0;0.657;6.499
2012-02-24;0.0;24.88;0.0;0.0;0.366;3.624
2012-02-25;0.0;22.92;0.0;0.0;0.429;4.249
2012-02-26;9.95;25.56;0.0;0.0;0.397;3.932
2012-02-27;8.2;23.2;0.0;0.0;0.251;2.483
2012-02-28;0.0;26.92;0.0;0.0;0.193;1.912
2012-02-29;28.3;25.12;0.0;0.0;0.145;1.434
2012-03-01;12.25;22.44;0.0;0.0;0.812;8.036
2012-03-02;3.0000000000000013;21.68;0.0;0.0;0.601;5.951
2012-03-03;0.0;22.48;0.0;0.0;0.366;3.624
2012-03-04;0.0;24.52;0.0;0.0;0.278;2.752
2012-03-05;0.0;28.68;0.0;0.0;0.204;2.018
2012-03-06;0.0;29.2;0.0;0.0;0.136;1.349
2012-03-07;0.0;27.92;0.0;0.0;0.105;1.042
2012-03-08;0.0;27.88;0.0;0.0;0.079;0.785
2012-03-09;7.95;25.6;0.0;0.0;0.068;0.674
2012-03-10;0.0;26.88;0.0;0.0;0.063;0.623
2012-03-11;0.0;27.16;0.0;0.0;0.053;0.528
2012-03-12;0.0;27.8;0.0;0.0;0.049;0.484
2012-03-13;0.0;25.72;0.0;0.0;0.045;0.442
2012-03-14;14.65;22.4;0.0;0.0;0.045;0.442
2012-03-15;13.6;20.52;0.0;0.0;0.037;0.367
2012-03-16;0.0;20.36;0.0;0.0;0.037;0.367
2012-03-17;0.0;23.22;0.0;0.0;0.03;0.3
2012-03-18;0.0;23.88;0.0;0.0;0.03;0.3
2012-03-19;0.0;23.8;0.0;0.0;0.058;0.574
2012-03-20;0.0;24.28;0.0;0.0;0.085;0.845
2012-03-21;0.0;22.8;0.0;0.0;0.098;0.974
2012-03-22;13.5;21.44;0.0;0.0;0.079;0.785
2012-03-23;3.8;19.32;0.0;0.0;0.068;0.674
2012-03-24;0.0;18.36;0.0;0.0;0.058;0.574
2012-03-25;0.0;18.88;0.0;0.0;0.053;0.528
2012-03-26;0.0;18.84;0.0;0.0;0.045;0.442
2012-03-27;0.1;15.24;0.0;0.0;0.045;0.442
2012-03-28;0.0;13.8;0.0;0.0;0.037;0.367
2012-03-29;0.0;16.04;0.0;0.0;0.03;0.3
2012-03-30;0.0;17.6;0.0;0.0;0.03;0.3
2012-03-31;0.0;19.8;0.0;0.0;0.027;0.27
2012-04-01;0.0;22.64;0.0;0.0;0.024;0.242
2012-04-02;0.0;21.2;0.0;0.0;0.022;0.216
2012-04-03;0.0;23.36;0.0;0.0;0.019;0.192
2012-04-04;0.0;23.88;0.0;0.0;0.015;0.149
2012-04-05;0.0;20.12;0.0;0.0;0.015;0.149
2012-04-06;36.6;18.32;0.0;0.0;0.013;0.13
2012-04-07;0.0;18.12;0.0;0.0;0.011;0.113
2012-04-08;0.0;19.64;0.0;0.0;0.011;0.113
2012-04-09;0.0;21.8;0.0;0.0;0.008;0.083
2012-04-10;0.0;20.68;0.0;0.0;0.006;0.059
2012-04-11;2.45;23.44;0.0;0.0;0.006;0.059
2012-04-12;0.0;24.04;0.0;0.0;0.006;0.059
2012-04-13;0.1;22.52;0.0;0.0;0.011;0.113
2012-04-14;23.2;18.32;0.0;0.0;0.063;0.623
2012-04-15;10.5;17.84;0.0;0.0;0.292;2.892
2012-04-16;0.0;18.48;0.0;0.0;0.397;3.932
2012-04-17;1.7;19.48;0.0;0.0;0.429;4.249
2012-04-18;0.0;20.64;0.0;0.0;0.336;3.324
2012-04-19;0.0;18.76;0.0;0.0;0.306;3.034
2012-04-20;0.0;19.76;0.0;0.0;0.251;2.483
2012-04-21;0.0;19.6;0.0;0.0;0.215;2.128
2012-04-22;0.5;13.64;0.0;0.0;0.204;2.018
2012-04-23;0.0;15.16;0.0;0.0;0.183;1.809
2012-04-24;0.0;11.6;0.0;0.0;0.154;1.522
2012-04-25;0.0;13.84;0.0;0.0;0.128;1.268
2012-04-26;0.0;14.56;0.0;0.0;0.098;0.974
2012-04-27;0.45;12.32;0.0;0.0;0.085;0.845
2012-04-28;0.0;11.76;0.0;0.0;0.068;0.674
2012-04-29;3.35;13.28;0.0;0.0;0.058;0.574
2012-04-30;1.0;10.76;0.0;0.0;0.053;0.528
2012-05-01;0.55;12.08;0.0;0.0;0.045;0.442
2012-05-02;0.0;14.84;0.0;0.0;0.037;0.367
2012-05-03;1.15;17.72;0.0;0.0;0.037;0.367
2012-05-04;0.0;19.0;0.0;0.0;0.034;0.333
2012-05-05;0.0;18.6;0.0;0.0;0.03;0.3
2012-05-06;0.0;19.04;0.0;0.0;0.027;0.27
2012-05-07;0.0;19.68;0.0;0.0;0.024;0.242
2012-05-08;5.5;19.16;0.0;0.0;0.024;0.242
2012-05-09;0.0;19.8;0.0;0.0;0.024;0.242
2012-05-10;0.0;21.64;0.0;0.0;0.027;0.27
2012-05-11;0.0;17.22;0.0;0.0;0.03;0.3
2012-05-12;0.45;11.72;0.0;0.0;0.027;0.27
2012-05-13;0.0;10.0;0.0;0.0;0.024;0.242
2012-05-14;0.0;11.6;0.0;0.0;0.024;0.242
2012-05-15;3.1;13.36;0.0;0.0;0.024;0.242
2012-05-16;0.0;15.88;0.0;0.0;0.022;0.216
2012-05-17;0.0;16.76;0.0;0.0;0.022;0.216
2012-05-18;0.0;17.48;0.0;0.0;0.019;0.192
2012-05-19;0.0;17.92;0.0;0.0;0.019;0.192
2012-05-20;0.0;17.96;0.0;0.0;0.019;0.192
2012-05-21;0.0;17.36;0.0;0.0;0.017;0.17
2012-05-22;0.0;19.16;0.0;0.0;0.017;0.17
2012-05-23;0.0;18.36;0.0;0.0;0.015;0.149
2012-05-24;0.0;18.12;0.0;0.0;0.013;0.13
2012-05-25;0.0;17.36;0.0;0.0;0.011;0.113
2012-05-26;0.0;17.04;0.0;0.0;0.011;0.113
2012-05-27;0.0;17.48;0.0;0.0;0.011;0.113
2012-05-28;0.0;21.88;0.0;0.0;0.008;0.083
2012-05-29;0.0;24.32;0.0;0.0;0.008;0.083
2012-05-30;8.9;15.08;0.0;0.0;0.008;0.083
2012-05-31;19.2;11.8;0.0;0.0;0.193;1.912
2012-06-01;0.0;11.96;0.0;0.0;0.12;1.189
2012-06-02;18.7;14.8;0.0;0.0;0.085;0.845
2012-06-03;7.65;12.96;0.0;0.0;0.306;3.034
2012-06-04;0.0999999999999996;11.36;0.0;0.0;0.154;1.522
2012-06-05;0.0;7.2;0.0;0.0;0.136;1.349
2012-06-06;1.0;7.2;0.0;0.0;0.128;1.268
2012-06-07;0.0;4.04;0.0;0.0;0.12;1.189
2012-06-08;0.0;4.12;0.0;0.0;0.113;1.114
2012-06-09;0.0;5.96;0.0;0.0;0.098;0.974
2012-06-10;0.0;7.84;0.0;0.0;0.074;0.728
2012-06-11;4.55;12.96;0.0;0.0;0.074;0.728
2012-06-12;0.0;16.4;0.0;0.0;0.068;0.674
2012-06-13;0.0;22.6;0.0;0.0;0.063;0.623
2012-06-14;0.0;22.8;0.0;0.0;0.058;0.574
2012-06-15;0.0;19.8;0.0;0.0;0.053;0.528
2012-06-16;0.0;15.84;0.0;0.0;0.053;0.528
2012-06-17;0.0;12.72;0.0;0.0;0.053;0.528
2012-06-18;44.55;14.24;0.0;0.0;0.351;3.473
2012-06-19;0.0;12.76;0.0;0.0;0.583;5.772
2012-06-20;0.0;11.0;0.0;0.0;0.413;4.09
2012-06-21;0.0;10.96;0.0;0.0;0.351;3.473
2012-06-22;2.65;11.64;0.0;0.0;0.321;3.178
2012-06-23;2.15;10.84;0.0;0.0;0.278;2.752
2012-06-24;0.0;13.84;0.0;0.0;0.204;2.018
2012-06-25;0.0;11.92;0.0;0.0;0.145;1.434
2012-06-26;2.0;15.16;0.0;0.0;0.105;1.042
2012-06-27;0.0;19.8;0.0;0.0;0.074;0.728
2012-06-28;0.0;24.28;0.0;0.0;0.053;0.528
2012-06-29;0.0;25.52;0.0;0.0;0.053;0.528
2012-06-30;0.0;23.8;0.0;0.0;0.045;0.442
2012-07-01;0.0;25.28;0.0;0.0;0.045;0.442
2012-07-02;0.0;26.24;0.0;0.0;0.041;0.404
2012-07-03;0.0;16.96;0.0;0.0;0.037;0.367
2012-07-04;0.0;19.2;0.0;0.0;0.037;0.367
2012-07-05;0.0;12.0;0.0;0.0;0.193;1.912
2012-07-06;54.15;8.52;0.0;0.0;9.286;91.915
2012-07-07;63.40000000000001;5.96;0.0;0.0;9.77;96.698
2012-07-08;0.0;5.12;0.0;0.0;3.303;32.687
2012-07-09;0.0;11.84;0.0;0.0;2.436;24.116
2012-07-10;0.0;13.24;0.0;0.0;1.585;15.687
2012-07-11;5.0;7.16;0.0;0.0;1.246;12.33
2012-07-12;0.0;8.64;0.0;0.0;0.914;9.051
2012-07-13;0.0;13.4;0.0;0.0;0.657;6.499
2012-07-14;0.0;10.8;0.0;0.0;0.583;5.772
2012-07-15;0.0;5.84;0.0;0.0;0.513;5.076
2012-07-16;0.0;8.04;0.0;0.0;0.446;4.41
2012-07-17;0.75;10.44;0.0;0.0;0.382;3.777
2012-07-18;0.0999999999999999;9.6;0.0;0.0;0.306;3.034
2012-07-19;0.0;10.92;0.0;0.0;0.251;2.483
2012-07-20;0.0;12.4;0.0;0.0;0.227;2.242
2012-07-21;0.0;14.36;0.0;0.0;0.204;2.018
2012-07-22;0.0;13.2;0.0;0.0;0.193;1.912
2012-07-23;0.0;14.28;0.0;0.0;0.183;1.809
2012-07-24;0.0;15.4;0.0;0.0;0.173;1.71
2012-07-25;6.8;7.8;0.0;0.0;0.163;1.614
2012-07-26;5.0;8.12;0.0;0.0;0.154;1.522
2012-07-27;0.0;8.4;0.0;0.0;0.145;1.434
2012-07-28;0.0;9.04;0.0;0.0;0.145;1.434
2012-07-29;24.5;12.44;0.0;0.0;2.754;27.258
2012-07-30;0.0;10.32;0.0;0.0;3.086;30.542
2012-07-31;0.0;13.84;0.0;0.0;1.817;17.984
2012-08-01;0.0;20.36;0.0;0.0;3.506;34.702
2012-08-02;6.15;23.16;0.0;0.0;2.42;23.954
2012-08-03;0.0;23.96;0.0;0.0;1.364;13.498
2012-08-04;0.0;22.6;0.0;0.0;1.2;11.874
2012-08-05;0.0;15.2;0.0;0.0;1.065;10.539
2012-08-06;0.0;12.68;0.0;0.0;0.873;8.64
2012-08-07;0.0;16.36;0.0;0.0;0.638;6.314
2012-08-08;0.0;21.32;0.0;0.0;0.513;5.076
2012-08-09;0.0;17.0;0.0;0.0;0.462;4.574
2012-08-10;0.0;17.52;0.0;0.0;0.351;3.473
2012-08-11;1.15;21.92;0.0;0.0;0.278;2.752
2012-08-12;0.0;21.96;0.0;0.0;0.227;2.242
2012-08-13;26.05;15.72;0.0;0.0;0.429;4.249
2012-08-14;2.4;19.52;0.0;0.0;0.496;4.907
2012-08-15;0.0;23.44;0.0;0.0;0.414;4.099
2012-08-16;0.0;22.44;0.0;0.0;0.332;3.291
2012-08-17;0.0;24.2;0.0;0.0;0.251;2.483
2012-08-18;0.0;23.2;0.0;0.0;0.215;2.128
2012-08-19;1.15;19.72;0.0;0.0;0.204;2.018
2012-08-20;0.0;21.96;0.0;0.0;0.173;1.71
2012-08-21;0.15;19.56;0.0;0.0;0.145;1.434
2012-08-22;0.0;21.8;0.0;0.0;0.128;1.268
2012-08-23;0.0;23.84;0.0;0.0;0.113;1.114
2012-08-24;0.0;24.2;0.0;0.0;0.832;8.235
2012-08-25;0.0;14.04;0.0;0.0;1.087;10.758
2012-08-26;26.4;8.92;0.0;0.0;1.485;14.7
2012-08-27;14.25;12.0;0.0;0.0;1.636;16.188
2012-08-28;9.05;13.16;0.0;0.0;1.636;16.188
2012-08-29;0.15;14.44;0.0;0.0;1.535;15.191
2012-08-30;0.0;15.36;0.0;0.0;1.34;13.262
2012-08-31;0.0;18.44;0.0;0.0;1.065;10.539
2012-09-01;0.0;19.28;0.0;0.0;0.752;7.446
2012-09-02;0.0;20.68;0.0;0.0;0.583;5.772
2012-09-03;0.0;15.92;0.0;0.0;0.496;4.907
2012-09-04;0.0;18.24;0.0;0.0;0.382;3.777
2012-09-05;0.0;20.84;0.0;0.0;0.306;3.034
2012-09-06;0.0;19.36;0.0;0.0;0.227;2.242
2012-09-07;0.0;23.12;0.0;0.0;0.183;1.809
2012-09-08;10.4;18.8;0.0;0.0;0.145;1.434
2012-09-09;33.35;17.08;0.0;0.0;0.145;1.434
2012-09-10;26.7;15.08;0.0;0.0;5.012;49.603
2012-09-11;24.8;17.04;0.0;0.0;10.297;101.919
2012-09-12;0.0;17.92;0.0;0.0;4.799;47.502
2012-09-13;0.8;16.28;0.0;0.0;3.015;29.839
2012-09-14;1.5;20.2;0.0;0.0;2.307;22.836
2012-09-15;0.0;21.12;0.0;0.0;1.461;14.457
2012-09-16;0.65;22.24;0.0;0.0;1.316;13.027
2012-09-17;21.5;22.72;0.0;0.0;3.752;37.141
2012-09-18;21.0;18.84;0.0;0.0;11.18;110.657
2012-09-19;108.35;14.8;0.0;0.0;20.941;207.266
2012-09-20;0.1499999999999985;13.8;0.0;0.0;9.821;97.201
2012-09-21;0.0;14.32;0.0;0.0;4.863;48.129
2012-09-22;1.5;13.68;0.0;0.0;2.788;27.597
2012-09-23;0.0;14.84;0.0;0.0;2.072;20.509
2012-09-24;0.0;20.8;0.0;0.0;1.662;16.446
2012-09-25;0.0;11.24;0.0;0.0;1.31;12.967
2012-09-26;0.0;9.4;0.0;0.0;1.07;10.596
2012-09-27;0.0;13.8;0.0;0.0;0.875;8.663
2012-09-28;0.0;16.96;0.0;0.0;0.719;7.112
2012-09-29;0.0;16.24;0.0;0.0;0.615;6.085
2012-09-30;1.25;20.32;0.0;0.0;0.5;4.946
2012-10-01;12.6;19.0;0.0;0.0;2.026;20.055
2012-10-02;13.35;17.76;0.0;0.0;2.275;22.521
2012-10-03;20.35;21.12;0.0;0.0;9.991;98.884
2012-10-04;0.0;21.56;0.0;0.0;7.565;74.878
2012-10-05;0.0;22.24;0.0;0.0;3.638;36.007
2012-10-06;0.0;23.96;0.0;0.0;2.618;25.917
2012-10-07;0.0;22.64;0.0;0.0;2.118;20.967
2012-10-08;2.65;23.8;0.0;0.0;1.601;15.842
2012-10-09;8.25;20.04;0.0;0.0;1.366;13.522
2012-10-10;23.15;17.36;0.0;0.0;2.535;25.092
2012-10-11;6.3000000000000025;15.72;0.0;0.0;3.339;33.05
2012-10-12;0.1;17.6;0.0;0.0;3.086;30.542
2012-10-13;0.0;18.68;0.0;0.0;2.618;25.917
2012-10-14;0.0;19.92;0.0;0.0;2.244;22.206
2012-10-15;0.0;21.08;0.0;0.0;1.966;19.455
2012-10-16;0.0;22.32;0.0;0.0;1.452;14.374
2012-10-17;0.0;19.56;0.0;0.0;1.148;11.363
2012-10-18;0.0;18.12;0.0;0.0;0.971;9.608
2012-10-19;0.0;20.2;0.0;0.0;0.875;8.663
2012-10-20;0.0;21.44;0.0;0.0;0.655;6.488
2012-10-21;10.0;22.72;0.0;0.0;0.719;7.112
2012-10-22;5.25;21.16;0.0;0.0;1.951;19.306
2012-10-23;34.15;18.92;0.0;0.0;2.42;23.954
2012-10-24;0.0;18.84;0.0;0.0;2.212;21.894
2012-10-25;1.5;19.28;0.0;0.0;1.693;16.752
2012-10-26;2.5;22.44;0.0;0.0;1.395;13.804
2012-10-27;4.25;23.96;0.0;0.0;1.174;11.624
2012-10-28;1.2;22.16;0.0;0.0;1.045;10.345
2012-10-29;0.0;21.16;0.0;0.0;0.946;9.368
2012-10-30;0.0;22.0;0.0;0.0;0.875;8.663
2012-10-31;0.0;19.88;0.0;0.0;0.875;8.663
2012-11-01;1.9;20.52;0.0;0.0;0.784;7.76
2012-11-02;0.0;20.64;0.0;0.0;0.635;6.285
2012-11-03;0.0;20.52;0.0;0.0;0.518;5.129
2012-11-04;0.0;21.44;0.0;0.0;0.446;4.415
2012-11-05;0.0;22.52;0.0;0.0;0.395;3.91
2012-11-06;0.0;23.92;0.0;0.0;0.331;3.279
2012-11-07;0.0;25.68;0.0;0.0;0.272;2.696
2012-11-08;0.0;26.36;0.0;0.0;0.258;2.558
2012-11-09;0.0;28.28;0.0;0.0;0.159;1.569
2012-11-10;0.0;25.8;0.0;0.0;0.148;1.46
2012-11-11;0.0;23.48;0.0;0.0;0.107;1.06
2012-11-12;0.4;19.2;0.0;0.0;0.089;0.88
2012-11-13;4.25;18.72;0.0;0.0;0.073;0.725
2012-11-14;0.15;19.64;0.0;0.0;0.068;0.671
2012-11-15;0.0;21.48;0.0;0.0;0.053;0.525
2012-11-16;0.0;23.32;0.0;0.0;0.045;0.441
2012-11-17;0.0;23.76;0.0;0.0;0.037;0.366
2012-11-18;0.0;25.44;0.0;0.0;0.033;0.331
2012-11-19;8.85;23.84;0.0;0.0;0.784;7.76
2012-11-20;3.5000000000000004;24.36;0.0;0.0;0.575;5.694
2012-11-21;0.0;24.64;0.0;0.0;0.5;4.946
2012-11-22;0.0;25.72;0.0;0.0;0.395;3.91
2012-11-23;37.35;24.28;0.0;0.0;0.272;2.696
2012-11-24;8.65;22.12;0.0;0.0;0.347;3.432
2012-11-25;0.1500000000000003;20.48;0.0;0.0;0.395;3.91
2012-11-26;0.0;23.04;0.0;0.0;0.316;3.128
2012-11-27;0.0;23.36;0.0;0.0;0.219;2.163
2012-11-28;0.0;25.56;0.0;0.0;0.148;1.46
2012-11-29;0.0;23.32;0.0;0.0;0.107;1.06
2012-11-30;0.0;27.12;0.0;0.0;0.089;0.88
2012-12-01;0.0;23.96;0.0;0.0;0.089;0.88
2012-12-02;4.0;23.56;0.0;0.0;0.347;3.432
2012-12-03;0.0;27.12;0.0;0.0;0.395;3.91
2012-12-04;0.0;24.0;0.0;0.0;0.331;3.279
2012-12-05;13.95;27.28;0.0;0.0;0.301;2.981
2012-12-06;0.95;29.84;0.0;0.0;0.219;2.163
2012-12-07;0.0;25.68;0.0;0.0;0.182;1.797
2012-12-08;7.1000000000000005;23.24;0.0;0.0;0.17;1.681
2012-12-09;0.0;23.76;0.0;0.0;0.148;1.46
2012-12-10;0.0;28.88;0.0;0.0;0.107;1.06
2012-12-11;18.65;25.04;0.0;0.0;0.073;0.725
2012-12-12;0.0;21.68;0.0;0.0;0.127;1.253
2012-12-13;27.1;22.96;0.0;0.0;0.107;1.06
2012-12-14;2.0;23.72;0.0;0.0;0.073;0.725
2012-12-15;0.0;24.96;0.0;0.0;0.063;0.62
2012-12-16;0.0;25.44;0.0;0.0;0.053;0.525
2012-12-17;22.4;25.48;0.0;0.0;0.041;0.402
2012-12-18;23.5;26.36;0.0;0.0;0.655;6.488
2012-12-19;0.85;24.88;0.0;0.0;0.595;5.888
2012-12-20;2.5;25.88;0.0;0.0;0.595;5.888
2012-12-21;7.5;20.76;0.0;0.0;2.087;20.661
2012-12-22;13.45;22.88;0.0;0.0;2.181;21.583
2012-12-23;0.0;26.88;0.0;0.0;1.951;19.306
2012-12-24;0.0;31.24;0.0;0.0;0.971;9.608
2012-12-25;0.0;33.32;0.0;0.0;0.829;8.206
2012-12-26;4.0;21.08;0.0;0.0;1.122;11.105
2012-12-27;34.35;17.44;0.0;0.0;2.026;20.055
2012-12-28;52.40000000000001;20.4;0.0;0.0;3.05;30.189
2012-12-29;0.0499999999999971;22.56;0.0;0.0;2.686;26.584
2012-12-30;0.0;26.4;0.0;0.0;2.149;21.274
2012-12-31;0.0;29.48;0.0;0.0;1.966;19.455
2013-01-01;27.2;21.2;0.0;0.0;2.165;21.429
2013-01-02;0.0;18.76;0.0;0.0;1.996;19.754
2013-01-03;0.0;21.56;0.0;0.0;1.631;16.143
2013-01-04;0.0;25.64;0.0;0.0;1.452;14.374
2013-01-05;5.1;23.4;0.0;0.0;1.201;11.888
2013-01-06;11.5;24.2;0.0;0.0;1.481;14.662
2013-01-07;17.4;24.24;0.0;0.0;1.045;10.345
2013-01-08;16.65;25.32;0.0;0.0;2.552;25.256
2013-01-09;6.3000000000000025;25.04;0.0;0.0;2.275;22.521
2013-01-10;0.0;24.54;0.0;0.0;1.57;15.543
2013-01-11;0.0;21.8;0.0;0.0;2.372;23.473
2013-01-12;0.0;22.16;0.0;0.0;2.244;22.206
2013-01-13;0.0;23.64;0.0;0.0;2.134;21.12
2013-01-14;0.0;24.76;0.0;0.0;1.996;19.754
2013-01-15;0.0;24.92;0.0;0.0;1.096;10.849
2013-01-16;11.9;25.04;0.0;0.0;0.946;9.368
2013-01-17;0.0;24.16;0.0;0.0;0.852;8.433
2013-01-18;0.0;24.32;0.0;0.0;0.719;7.112
2013-01-19;0.0;23.28;0.0;0.0;0.635;6.285
2013-01-20;6.4;22.16;0.0;0.0;0.615;6.085
2013-01-21;0.0;22.56;0.0;0.0;0.556;5.503
2013-01-22;0.0;24.08;0.0;0.0;0.446;4.415
2013-01-23;0.0;25.72;0.0;0.0;0.379;3.748
2013-01-24;0.0;25.72;0.0;0.0;0.316;3.128
2013-01-25;15.45;23.76;0.0;0.0;4.345;43.002
2013-01-26;1.0499999999999998;19.08;0.0;0.0;3.714;36.762
2013-01-27;0.0;20.48;0.0;0.0;3.121;30.896
2013-01-28;5.0;22.64;0.0;0.0;2.228;22.05
2013-01-29;0.0;25.08;0.0;0.0;0.899;8.895
2013-01-30;0.0;27.84;0.0;0.0;0.206;2.038
2013-01-31;0.0;28.8;0.0;0.0;0.117;1.154
2013-02-01;0.0;29.88;0.0;0.0;0.098;0.968
2013-02-02;0.0;24.8;0.0;0.0;0.073;0.725
2013-02-03;2.65;20.6;0.0;0.0;0.08;0.796
2013-02-04;7.1;20.32;0.0;0.0;0.08;0.796
2013-02-05;7.0;21.84;0.0;0.0;0.063;0.62
2013-02-06;0.0;23.64;0.0;0.0;0.635;6.285
2013-02-07;0.0;23.96;0.0;0.0;0.331;3.279
2013-02-08;0.0;23.6;0.0;0.0;0.194;1.915
2013-02-09;0.8;24.0;0.0;0.0;0.127;1.253
2013-02-10;16.05;23.88;0.0;0.0;0.089;0.88
2013-02-11;0.1500000000000003;24.08;0.0;0.0;0.073;0.725
2013-02-12;3.25;26.8;0.0;0.0;0.063;0.62
2013-02-13;0.6000000000000001;26.04;0.0;0.0;0.053;0.525
2013-02-14;0.0;25.52;0.0;0.0;0.107;1.06
2013-02-15;12.0;25.28;0.0;0.0;2.103;20.814
2013-02-16;3.1;25.8;0.0;0.0;1.148;11.363
2013-02-17;0.0;25.52;0.0;0.0;0.852;8.433
2013-02-18;22.9;23.8;0.0;0.0;0.676;6.693
2013-02-19;1.25;23.96;0.0;0.0;0.518;5.129
2013-02-20;0.0;24.36;0.0;0.0;0.363;3.588
2013-02-21;18.9;25.68;0.0;0.0;2.118;20.967
2013-02-22;0.1499999999999985;22.28;0.0;0.0;1.174;11.624
2013-02-23;0.0;23.4;0.0;0.0;0.762;7.541
2013-02-24;0.0;26.16;0.0;0.0;0.615;6.085
2013-02-25;5.55;23.28;0.0;0.0;0.518;5.129
2013-02-26;3.9;19.08;0.0;0.0;0.446;4.415
2013-02-27;0.0;17.68;0.0;0.0;0.363;3.588
2013-02-28;0.0;19.44;0.0;0.0;0.287;2.837
2013-03-01;0.0;23.48;0.0;0.0;0.245;2.423
2013-03-02;0.0;27.08;0.0;0.0;0.231;2.291
2013-03-03;12.25;21.96;0.0;0.0;0.231;2.291
2013-03-04;7.55;20.4;0.0;0.0;0.464;4.589
2013-03-05;6.4;18.72;0.0;0.0;0.363;3.588
2013-03-06;3.6;19.16;0.0;0.0;0.272;2.696
2013-03-07;0.0;20.96;0.0;0.0;0.219;2.163
2013-03-08;0.0;21.88;0.0;0.0;0.159;1.569
2013-03-09;34.55;23.2;0.0;0.0;1.395;13.804
2013-03-10;3.6999999999999993;23.68;0.0;0.0;1.148;11.363
2013-03-11;0.0;24.6;0.0;0.0;0.946;9.368
2013-03-12;34.65;20.68;0.0;0.0;2.944;29.142
2013-03-13;27.3;19.56;0.0;0.0;4.224;41.804
2013-03-14;0.4500000000000007;19.08;0.0;0.0;3.104;30.718
2013-03-15;2.95;18.32;0.0;0.0;2.635;26.083
2013-03-16;0.25;18.04;0.0;0.0;2.196;21.738
2013-03-17;0.35;16.84;0.0;0.0;1.936;19.158
2013-03-18;0.0;17.08;0.0;0.0;1.282;12.694
2013-03-19;0.0;17.92;0.0;0.0;1.07;10.596
2013-03-20;23.0;19.68;0.0;0.0;1.601;15.842
2013-03-21;14.4;21.56;0.0;0.0;3.339;33.05
2013-03-22;0.0;20.64;0.0;0.0;2.909;28.796
2013-03-23;0.0;20.0;0.0;0.0;2.535;25.092
2013-03-24;0.0;19.2;0.0;0.0;2.196;21.738
2013-03-25;0.0;20.0;0.0;0.0;1.02;10.097
2013-03-26;0.0;20.88;0.0;0.0;0.784;7.76
2013-03-27;4.1;18.92;0.0;0.0;0.615;6.085
2013-03-28;0.0;20.2;0.0;0.0;0.556;5.503
2013-03-29;0.0;19.88;0.0;0.0;0.446;4.415
2013-03-30;0.0;22.64;0.0;0.0;0.379;3.748
2013-03-31;0.0;23.88;0.0;0.0;0.316;3.128
2013-04-01;0.0;20.64;0.0;0.0;0.272;2.696
2013-04-02;5.0;23.52;0.0;0.0;0.258;2.558
2013-04-03;0.1;23.56;0.0;0.0;0.231;2.291
2013-04-04;5.85;20.84;0.0;0.0;0.331;3.279
2013-04-05;38.65000000000001;20.96;0.0;0.0;2.927;28.969
2013-04-06;2.0;21.12;0.0;0.0;2.087;20.661
2013-04-07;0.0;18.88;0.0;0.0;1.096;10.849
2013-04-08;0.0;18.28;0.0;0.0;0.829;8.206
2013-04-09;0.0;19.16;0.0;0.0;0.655;6.488
2013-04-10;0.0;20.84;0.0;0.0;0.518;5.129
2013-04-11;24.25;22.12;0.0;0.0;0.429;4.244
2013-04-12;35.65;20.04;0.0;0.0;5.849;57.892
2013-04-13;2.5499999999999985;14.52;0.0;0.0;5.162;51.094
2013-04-14;0.0;13.56;0.0;0.0;2.909;28.796
2013-04-15;0.0;19.0;0.0;0.0;2.259;22.363
2013-04-16;0.0;15.76;0.0;0.0;1.601;15.842
2013-04-17;0.0;14.8;0.0;0.0;1.174;11.624
2013-04-18;0.0;15.08;0.0;0.0;0.829;8.206
2013-04-19;0.0;16.08;0.0;0.0;0.697;6.901
2013-04-20;0.0;17.2;0.0;0.0;0.575;5.694
2013-04-21;0.0;18.16;0.0;0.0;0.464;4.589
2013-04-22;0.0;18.56;0.0;0.0;0.379;3.748
2013-04-23;0.0;17.96;0.0;0.0;0.331;3.279
2013-04-24;0.0;18.32;0.0;0.0;0.287;2.837
2013-04-25;0.0;19.12;0.0;0.0;0.231;2.291
2013-04-26;0.0;18.56;0.0;0.0;0.17;1.681
2013-04-27;0.0;20.72;0.0;0.0;0.127;1.253
2013-04-28;0.0;23.04;0.0;0.0;0.073;0.725
2013-04-29;2.75;21.68;0.0;0.0;0.063;0.62
2013-04-30;2.1;21.8;0.0;0.0;0.058;0.572
2013-05-01;0.0;19.52;0.0;0.0;0.058;0.572
2013-05-02;0.0;21.24;0.0;0.0;0.053;0.525
2013-05-03;6.85;23.68;0.0;0.0;0.045;0.441
2013-05-04;7.5;17.4;0.0;0.0;0.041;0.402
2013-05-05;0.0;15.4;0.0;0.0;0.037;0.366
2013-05-06;0.0;13.92;0.0;0.0;0.037;0.366
2013-05-07;0.4;12.0;0.0;0.0;0.03;0.299
2013-05-08;0.0;11.84;0.0;0.0;0.027;0.269
2013-05-09;0.0;14.08;0.0;0.0;0.053;0.525
2013-05-10;0.0;16.16;0.0;0.0;0.089;0.88
2013-05-11;0.0;18.88;0.0;0.0;0.073;0.725
2013-05-12;0.0;18.4;0.0;0.0;0.068;0.671
2013-05-13;0.0;18.28;0.0;0.0;0.063;0.62
2013-05-14;0.1;21.08;0.0;0.0;0.053;0.525
2013-05-15;7.4;17.08;0.0;0.0;0.045;0.441
2013-05-16;8.7;7.76;0.0;0.0;0.037;0.366
2013-05-17;0.0;8.04;0.0;0.0;0.033;0.331
2013-05-18;0.0;11.0;0.0;0.0;0.03;0.299
2013-05-19;0.2;14.04;0.0;0.0;0.024;0.241
2013-05-20;36.05;15.84;0.0;0.0;0.019;0.191
2013-05-21;0.2000000000000028;14.56;0.0;0.0;2.703;26.752
2013-05-22;0.0;11.4;0.0;0.0;2.502;24.765
2013-05-23;0.0;13.36;0.0;0.0;2.339;23.154
2013-05-24;0.0;12.32;0.0;0.0;2.212;21.894
2013-05-25;0.0;12.16;0.0;0.0;2.118;20.967
2013-05-26;0.0;13.72;0.0;0.0;1.981;19.604
2013-05-27;0.0;16.2;0.0;0.0;1.452;14.374
2013-05-28;0.0;18.96;0.0;0.0;0.875;8.663
2013-05-29;63.3;15.64;0.0;0.0;0.615;6.085
2013-05-30;23.0;11.44;0.0;0.0;4.345;43.002
2013-05-31;9.6;12.92;0.0;0.0;3.139;31.073
2013-06-01;7.449999999999997;15.04;0.0;0.0;2.502;24.765
2013-06-02;5.65;14.76;0.0;0.0;2.355;23.313
2013-06-03;0.0;12.28;0.0;0.0;2.307;22.836
2013-06-04;0.0;12.52;0.0;0.0;2.212;21.894
2013-06-05;0.0;16.36;0.0;0.0;2.103;20.814
2013-06-06;0.0;13.16;0.0;0.0;2.057;20.357
2013-06-07;0.0;10.8;0.0;0.0;1.996;19.754
2013-06-08;0.0;11.88;0.0;0.0;1.936;19.158
2013-06-09;0.25;14.4;0.0;0.0;1.662;16.446
2013-06-10;1.75;14.68;0.0;0.0;1.54;15.247
2013-06-11;0.0;14.48;0.0;0.0;1.423;14.087
2013-06-12;0.0;14.48;0.0;0.0;1.338;13.244
2013-06-13;0.0;13.12;0.0;0.0;1.282;12.694
2013-06-14;0.0;14.64;0.0;0.0;1.174;11.624
2013-06-15;0.0;12.88;0.0;0.0;1.045;10.345
2013-06-16;0.0;13.36;0.0;0.0;0.922;9.13
2013-06-17;0.35;14.48;0.0;0.0;2.686;26.584
2013-06-18;0.45;15.12;0.0;0.0;3.714;36.762
2013-06-19;5.2;13.32;0.0;0.0;4.005;39.641
2013-06-20;1.75;12.04;0.0;0.0;4.406;43.606
2013-06-21;28.25;13.2;0.0;0.0;4.365;43.203
2013-06-22;27.9;11.12;0.0;0.0;3.394;33.598
2013-06-23;0.0;10.32;0.0;0.0;2.909;28.796
2013-06-24;1.7;12.8;0.0;0.0;2.535;25.092
2013-06-25;2.7;13.04;0.0;0.0;2.196;21.738
2013-06-26;2.8;11.28;0.0;0.0;2.041;20.206
2013-06-27;0.0;10.6;0.0;0.0;1.31;12.967
2013-06-28;0.0;15.48;0.0;0.0;2.228;22.05
2013-06-29;50.4;14.32;0.0;0.0;7.615;75.373
2013-06-30;0.0;9.92;0.0;0.0;5.759;56.997
2013-07-01;0.0;8.4;0.0;0.0;3.413;33.781
2013-07-02;0.0;8.64;0.0;0.0;2.535;25.092
2013-07-03;0.0;14.0;0.0;0.0;2.275;22.521
2013-07-04;0.0;18.48;0.0;0.0;1.693;16.752
2013-07-05;1.85;23.08;0.0;0.0;1.148;11.363
2013-07-06;0.0;23.52;0.0;0.0;0.875;8.663
2013-07-07;32.25;14.64;0.0;0.0;3.888;38.479
2013-07-08;0.0;11.08;0.0;0.0;5.49;54.343
2013-07-09;0.0;15.36;0.0;0.0;3.907;38.672
2013-07-10;0.0;20.04;0.0;0.0;2.788;27.597
2013-07-11;0.0;20.04;0.0;0.0;2.212;21.894
2013-07-12;0.0;18.56;0.0;0.0;1.996;19.754
2013-07-13;27.4;17.56;0.0;0.0;1.662;16.446
2013-07-14;6.500000000000003;16.72;0.0;0.0;1.366;13.522
2013-07-15;15.85;10.4;0.0;0.0;4.365;43.203
2013-07-16;0.0;11.28;0.0;0.0;3.487;34.517
2013-07-17;0.0;15.96;0.0;0.0;2.823;27.937
2013-07-18;0.0;14.68;0.0;0.0;2.805;27.767
2013-07-19;9.15;7.08;0.0;0.0;2.535;25.092
2013-07-20;0.0;8.72;0.0;0.0;2.072;20.509
2013-07-21;6.05;7.08;0.0;0.0;2.181;21.583
2013-07-22;0.0;6.36;0.0;0.0;1.951;19.306
2013-07-23;0.0;5.96;0.0;0.0;1.338;13.244
2013-07-24;0.0;4.8;0.0;0.0;1.096;10.849
2013-07-25;0.0;5.84;0.0;0.0;0.922;9.13
2013-07-26;0.0;9.96;0.0;0.0;2.212;21.894
2013-07-27;0.0;12.88;0.0;0.0;2.149;21.274
2013-07-28;0.0;12.84;0.0;0.0;2.041;20.206
2013-07-29;0.0;13.48;0.0;0.0;1.57;15.543
2013-07-30;0.0;13.72;0.0;0.0;1.31;12.967
2013-07-31;0.0;17.68;0.0;0.0;1.045;10.345
2013-08-01;0.0;23.36;0.0;0.0;2.134;21.12
2013-08-02;0.15;17.0;0.0;0.0;2.057;20.357
2013-08-03;0.4;12.32;0.0;0.0;1.966;19.455
2013-08-04;12.15;11.4;0.0;0.0;1.662;16.446
2013-08-05;10.0;12.4;0.0;0.0;1.452;14.374
2013-08-06;5.25;13.92;0.0;0.0;1.045;10.345
2013-08-07;0.0;20.36;0.0;0.0;0.875;8.663
2013-08-08;0.0;17.96;0.0;0.0;1.57;15.543
2013-08-09;3.2;8.84;0.0;0.0;2.275;22.521
2013-08-10;7.5;7.56;0.0;0.0;2.652;26.25
2013-08-11;17.85;10.08;0.0;0.0;9.172;90.782
2013-08-12;0.0;10.88;0.0;0.0;5.94;58.792
2013-08-13;2.35;9.68;0.0;0.0;2.737;27.089
2013-08-14;4.35;6.52;0.0;0.0;2.339;23.154
2013-08-15;15.35;8.64;0.0;0.0;2.228;22.05
2013-08-16;0.0;10.4;0.0;0.0;2.165;21.429
2013-08-17;0.0;10.84;0.0;0.0;2.103;20.814
2013-08-18;0.0;12.96;0.0;0.0;2.026;20.055
2013-08-19;0.0;16.68;0.0;0.0;2.087;20.661
2013-08-20;0.0;18.68;0.0;0.0;2.404;23.793
2013-08-21;0.0;21.8;0.0;0.0;2.372;23.473
2013-08-22;0.0;16.32;0.0;0.0;2.259;22.363
2013-08-23;37.3;8.04;0.0;0.0;2.486;24.602
2013-08-24;31.55;8.04;0.0;0.0;7.342;72.666
2013-08-25;51.05;8.0;0.0;0.0;21.492;212.724
2013-08-26;47.75;5.96;0.0;0.0;15.503;153.443
2013-08-27;4.35;8.16;0.0;0.0;11.151;110.371
2013-08-28;0.0;10.44;0.0;0.0;6.193;61.295
2013-08-29;0.0;13.44;0.0;0.0;3.121;30.896
2013-08-30;0.0;16.44;0.0;0.0;2.754;27.258
2013-08-31;0.0;19.8;0.0;0.0;2.372;23.473
2013-09-01;1.05;21.48;0.0;0.0;2.118;20.967
2013-09-02;13.3;18.6;0.0;0.0;2.041;20.206
2013-09-03;4.05;14.68;0.0;0.0;1.966;19.455
2013-09-04;0.0;10.88;0.0;0.0;1.662;16.446
2013-09-05;0.0;15.0;0.0;0.0;1.481;14.662
2013-09-06;0.0;21.0;0.0;0.0;1.338;13.244
2013-09-07;0.0;24.24;0.0;0.0;1.148;11.363
2013-09-08;12.0;21.76;0.0;0.0;0.922;9.13
2013-09-09;0.0;22.92;0.0;0.0;0.784;7.76
2013-09-10;0.0;25.4;0.0;0.0;0.595;5.888
2013-09-11;0.0;26.28;0.0;0.0;0.446;4.415
2013-09-12;0.0;27.6;0.0;0.0;0.347;3.432
2013-09-13;0.0;26.32;0.0;0.0;0.287;2.837
2013-09-14;0.0;21.36;0.0;0.0;0.245;2.423
2013-09-15;0.1;17.16;0.0;0.0;0.182;1.797
2013-09-16;25.9;14.56;0.0;0.0;1.693;16.752
2013-09-17;12.0;10.2;0.0;0.0;1.096;10.849
2013-09-18;0.0;9.92;0.0;0.0;0.74;7.325
2013-09-19;0.0;11.62;0.0;0.0;0.655;6.488
2013-09-20;0.0;13.96;0.0;0.0;0.595;5.888
2013-09-21;51.05;15.6;0.0;0.0;4.611;45.641
2013-09-22;4.650000000000002;14.16;0.0;0.0;6.17;61.066
2013-09-23;7.85;11.04;0.0;0.0;4.841;47.92
2013-09-24;8.15;9.8;0.0;0.0;5.736;56.774
2013-09-25;3.8;11.4;0.0;0.0;4.365;43.203
2013-09-26;0.0;13.08;0.0;0.0;3.266;32.326
2013-09-27;0.0;16.16;0.0;0.0;2.84;28.108
2013-09-28;6.6;15.38;0.0;0.0;2.502;24.765
2013-09-29;0.5499999999999998;17.32;0.0;0.0;2.041;20.206
2013-09-30;0.0;14.36;0.0;0.0;1.511;14.953
2013-10-01;0.0;15.6;0.0;0.0;1.228;12.154
2013-10-02;0.0;16.12;0.0;0.0;1.148;11.363
2013-10-03;0.0;16.8;0.0;0.0;0.995;9.851
2013-10-04;0.0;18.32;0.0;0.0;0.946;9.368
2013-10-05;0.0;15.24;0.0;0.0;0.971;9.608
2013-10-06;0.0;15.76;0.0;0.0;0.762;7.541
2013-10-07;0.0;16.96;0.0;0.0;0.676;6.693
2013-10-08;0.0;18.08;0.0;0.0;0.635;6.285
2013-10-09;0.0;21.12;0.0;0.0;0.595;5.888
2013-10-10;0.0;20.96;0.0;0.0;0.556;5.503
2013-10-11;0.0;22.16;0.0;0.0;0.5;4.946
2013-10-12;0.0;21.08;0.0;0.0;0.464;4.589
2013-10-13;22.45000000000001;21.28;0.0;0.0;0.379;3.748
2013-10-14;0.0;21.32;0.0;0.0;0.331;3.279
2013-10-15;0.0;19.96;0.0;0.0;0.395;3.91
2013-10-16;0.0;18.8;0.0;0.0;0.829;8.206
2013-10-17;69.05;20.24;0.0;0.0;3.676;36.384
2013-10-18;0.1499999999999985;20.52;0.0;0.0;8.38;82.943
2013-10-19;0.0;20.72;0.0;0.0;6.734;66.653
2013-10-20;0.0;23.8;0.0;0.0;5.646;55.886
2013-10-21;49.65;20.92;0.0;0.0;4.99;49.391
2013-10-22;8.95;19.76;0.0;0.0;7.969;78.872
2013-10-23;18.5;23.12;0.0;0.0;8.985;88.93
2013-10-24;11.15;19.56;0.0;0.0;7.842;77.616
2013-10-25;7.45;17.96;0.0;0.0;5.314;52.601
2013-10-26;0.0;20.44;0.0;0.0;4.244;42.003
2013-10-27;27.8;20.0;0.0;0.0;8.826;87.353
2013-10-28;0.0;15.92;0.0;0.0;4.674;46.258
2013-10-29;0.0;19.04;0.0;0.0;2.875;28.451
2013-10-30;0.0;21.0;0.0;0.0;2.244;22.206
2013-10-31;0.0;22.44;0.0;0.0;1.631;16.143
2013-11-01;0.0;24.8;0.0;0.0;1.31;12.967
2013-11-02;0.0;25.48;0.0;0.0;0.995;9.851
2013-11-03;1.4;19.52;0.0;0.0;0.784;7.76
2013-11-04;0.0;18.68;0.0;0.0;0.615;6.085
2013-11-05;0.0;18.76;0.0;0.0;0.464;4.589
2013-11-06;0.0;20.92;0.0;0.0;0.379;3.748
2013-11-07;0.0;22.28;0.0;0.0;0.331;3.279
2013-11-08;0.0;25.84;0.0;0.0;0.287;2.837
2013-11-09;0.0;21.56;0.0;0.0;0.231;2.291
2013-11-10;19.35;21.44;0.0;0.0;0.363;3.588
2013-11-11;63.65;20.96;0.0;0.0;9.038;89.457
2013-11-12;72.5;20.64;0.0;0.0;19.777;195.743
2013-11-13;0.0;22.6;0.0;0.0;7.842;77.616
2013-11-14;0.0;23.68;0.0;0.0;3.676;36.384
2013-11-15;13.85;24.32;0.0;0.0;2.228;22.05
2013-11-16;15.5;19.36;0.0;0.0;3.714;36.762
2013-11-17;0.0;20.32;0.0;0.0;2.892;28.623
2013-11-18;0.0;25.36;0.0;0.0;2.436;24.116
2013-11-19;0.0;22.96;0.0;0.0;1.693;16.752
2013-11-20;31.15;23.52;0.0;0.0;4.947;48.969
2013-11-21;13.1;24.0;0.0;0.0;9.578;94.801
2013-11-22;11.25;20.84;0.0;0.0;10.607;104.989
2013-11-23;0.0;21.96;0.0;0.0;4.653;46.052
2013-11-24;0.0;24.76;0.0;0.0;3.562;35.259
2013-11-25;0.0;26.56;0.0;0.0;2.944;29.142
2013-11-26;4.55;26.64;0.0;0.0;2.453;24.277
2013-11-27;3.15;26.24;0.0;0.0;1.981;19.604
2013-11-28;0.4000000000000001;21.2;0.0;0.0;1.174;11.624
2013-11-29;0.0;22.04;0.0;0.0;0.875;8.663
2013-11-30;0.0;22.44;0.0;0.0;0.74;7.325
2013-12-01;0.0;23.04;0.0;0.0;0.635;6.285
2013-12-02;12.95;25.16;0.0;0.0;0.537;5.314
2013-12-03;0.1;24.96;0.0;0.0;0.446;4.415
2013-12-04;0.0;25.96;0.0;0.0;0.395;3.91
2013-12-05;5.25;22.92;0.0;0.0;4.446;44.01
2013-12-06;39.1;20.48;0.0;0.0;3.868;38.287
2013-12-07;0.0;22.72;0.0;0.0;2.502;24.765
2013-12-08;0.0;25.72;0.0;0.0;1.366;13.522
2013-12-09;0.0;24.08;0.0;0.0;1.045;10.345
2013-12-10;19.95;21.48;0.0;0.0;2.026;20.055
2013-12-11;0.9500000000000002;20.76;0.0;0.0;1.096;10.849
2013-12-12;0.0;22.56;0.0;0.0;0.899;8.895
2013-12-13;0.0;23.6;0.0;0.0;0.806;7.982
2013-12-14;1.5;25.16;0.0;0.0;0.762;7.541
2013-12-15;3.75;26.56;0.0;0.0;0.697;6.901
2013-12-16;0.0;25.2;0.0;0.0;0.595;5.888
2013-12-17;0.0;25.88;0.0;0.0;0.556;5.503
2013-12-18;0.0;26.32;0.0;0.0;0.482;4.766
2013-12-19;0.0;26.36;0.0;0.0;0.429;4.244
2013-12-20;0.0;26.24;0.0;0.0;0.395;3.91
2013-12-21;0.0;26.16;0.0;0.0;0.331;3.279
2013-12-22;0.0;25.48;0.0;0.0;0.301;2.981
2013-12-23;1.75;24.64;0.0;0.0;0.272;2.696
2013-12-24;0.35;26.44;0.0;0.0;0.245;2.423
2013-12-25;0.0;27.68;0.0;0.0;0.182;1.797
2013-12-26;0.0;30.24;0.0;0.0;0.482;4.766
2013-12-27;0.0;27.68;0.0;0.0;0.412;4.076
2013-12-28;2.7;28.8;0.0;0.0;0.347;3.432
2013-12-29;0.2999999999999998;29.96;0.0;0.0;0.301;2.981
2013-12-30;24.9;29.6;0.0;0.0;0.272;2.696
2013-12-31;8.05;27.6;0.0;0.0;0.245;2.423
